28
BrassicaC1	0	0.317872	0.262645	0.322761	0.198512	0.273542	0.222956	0.196625	0.239714	0.179762	0.316043	0.429395	0.329957	0.356455	0.341116	0.403992	0.46442	0.34408	0.460537	0.34849	0.830103	0.790042	0.683056	0.70578	0.612349	0.605582	0.451156	1
BrassicaC2	0.317872	0	0.321037	0.335349	0.281357	0.326992	0.263584	0.262181	0.246042	0.325169	0.292584	0.263064	0.298455	0.321628	0.282195	0.339837	0.377357	0.300805	0.393094	0.315285	0.79001	0.72707	0.665803	0.660011	0.561787	0.521506	0.431705	1
BrassicaC3	0.262645	0.321037	0	0.155311	0.261198	0.182957	0.355765	0.23755	0.285712	0.230523	0.32426	0.41829	0.288957	0.329667	0.335759	0.403479	0.472375	0.350487	0.473112	0.341725	0.837786	0.813242	0.710405	0.707327	0.628824	0.591277	0.495639	1
BrassicaC4	0.322761	0.335349	0.155311	0	0.267068	0.195538	0.39144	0.26535	0.331803	0.250646	0.340882	0.435072	0.312575	0.294098	0.320722	0.407723	0.501832	0.364513	0.503398	0.331162	0.834868	0.815135	0.70777	0.678478	0.615463	0.606918	0.482533	1
BrassicaC5	0.198512	0.281357	0.261198	0.267068	0	0.256111	0.249674	0.204984	0.243924	0.211981	0.331853	0.404915	0.329916	0.325725	0.287637	0.368848	0.456455	0.340193	0.461842	0.340253	0.824808	0.785284	0.687071	0.698656	0.601493	0.583408	0.450726	1
BrassicaCR1	0.273542	0.326992	0.182957	0.195538	0.256111	0	0.33071	0.2518	0.270273	0.219341	0.322478	0.422506	0.301923	0.318107	0.328137	0.383328	0.467132	0.346853	0.460274	0.321659	0.849707	0.798585	0.689253	0.724405	0.620552	0.582479	0.444873	1
BrassicaCR2	0.222956	0.263584	0.355765	0.39144	0.249674	0.33071	0	0.231207	0.185505	0.276514	0.351894	0.36267	0.354803	0.388146	0.339802	0.372296	0.391681	0.346174	0.419391	0.351973	0.823135	0.735564	0.64553	0.698183	0.56844	0.555898	0.437464	1
BrassicaCR3	0.196625	0.262181	0.23755	0.26535	0.204984	0.2518	0.231207	0	0.202429	0.165028	0.317427	0.385791	0.303798	0.312851	0.291665	0.379022	0.445166	0.314133	0.455945	0.320826	0.828284	0.778557	0.678528	0.68335	0.610684	0.582421	0.445286	1
BrassicaCR4	0.239714	0.246042	0.285712	0.331803	0.243924	0.270273	0.185505	0.202429	0	0.249039	0.31024	0.34407	0.319771	0.355111	0.319585	0.35397	0.385485	0.319162	0.365404	0.317815	0.828857	0.737124	0.659505	0.706105	0.59273	0.530956	0.421606	1
BrassicaCR5	0.179762	0.325169	0.230523	0.250646	0.211981	0.219341	0.276514	0.165028	0.249039	0	0.341648	0.428532	0.329353	0.334006	0.331514	0.401306	0.479444	0.349858	0.475185	0.333343	0.836673	0.791952	0.680277	0.700453	0.624113	0.605679	0.44512	1
BrassicaD1	0.316043	0.292584	0.32426	0.340882	0.331853	0.322478	0.351894	0.317427	0.31024	0.341648	0	0.272446	0.123064	0.154834	0.171188	0.253378	0.308777	0.136602	0.293921	0.122536	0.772142	0.710663	0.605342	0.63762	0.487561	0.489766	0.372124	1
BrassicaD2	0.429395	0.263064	0.41829	0.435072	0.404915	0.422506	0.36267	0.385791	0.34407	0.428532	0.272446	0	0.296827	0.294042	0.250977	0.208815	0.220301	0.221046	0.234882	0.264946	0.75502	0.617631	0.603159	0.647413	0.51749	0.411947	0.366112	1
BrassicaD3	0.329957	0.298455	0.288957	0.312575	0.329916	0.301923	0.354803	0.303798	0.319771	0.329353	0.123064	0.296827	0	0.132103	0.181431	0.280258	0.354335	0.166976	0.339884	0.120823	0.78183	0.722552	0.605087	0.638596	0.501311	0.500641	0.38909	1
BrassicaD4	0.356455	0.321628	0.329667	0.294098	0.325725	0.318107	0.388146	0.312851	0.355111	0.334006	0.154834	0.294042	0.132103	0	0.125837	0.268128	0.375352	0.176559	0.362297	0.11983	0.764084	0.721287	0.610158	0.622425	0.488213	0.5013	0.391005	1
BrassicaD5	0.341116	0.282195	0.335759	0.320722	0.287637	0.328137	0.339802	0.291665	0.319585	0.331514	0.171188	0.250977	0.181431	0.125837	0	0.235806	0.342171	0.173233	0.338967	0.162063	0.761424	0.707638	0.614234	0.62662	0.496062	0.49777	0.371046	1
BrassicaDR1	0.403992	0.339837	0.403479	0.407723	0.368848	0.383328	0.372296	0.379022	0.35397	0.401306	0.253378	0.208815	0.280258	0.268128	0.235806	0	0.19408	0.172707	0.185052	0.229569	0.745428	0.581639	0.580657	0.639567	0.489363	0.350179	0.273601	1
BrassicaDR2	0.46442	0.377357	0.472375	0.501832	0.456455	0.467132	0.391681	0.445166	0.385485	0.479444	0.308777	0.220301	0.354335	0.375352	0.342171	0.19408	0	0.266213	0.115559	0.318766	0.748835	0.502527	0.59333	0.666505	0.511647	0.309329	0.351614	1
BrassicaDR3	0.34408	0.300805	0.350487	0.364513	0.340193	0.346853	0.346174	0.314133	0.319162	0.349858	0.136602	0.221046	0.166976	0.176559	0.173233	0.172707	0.266213	0	0.262273	0.120422	0.758245	0.658939	0.576004	0.621854	0.475019	0.439304	0.318371	1
BrassicaDR4	0.460537	0.393094	0.473112	0.503398	0.461842	0.460274	0.419391	0.455945	0.365404	0.475185	0.293921	0.234882	0.339884	0.362297	0.338967	0.185052	0.115559	0.262273	0	0.306926	0.746299	0.528243	0.596921	0.669902	0.513601	0.318862	0.344319	1
BrassicaDR5	0.34849	0.315285	0.341725	0.331162	0.340253	0.321659	0.351973	0.320826	0.317815	0.333343	0.122536	0.264946	0.120823	0.11983	0.162063	0.229569	0.318766	0.120422	0.306926	0	0.766891	0.687479	0.579688	0.63035	0.466642	0.475557	0.351209	1
X1        	0.830103	0.79001	0.837786	0.834868	0.824808	0.849707	0.823135	0.828284	0.828857	0.836673	0.772142	0.75502	0.78183	0.764084	0.761424	0.745428	0.748835	0.758245	0.746299	0.766891	0	0.966827	0.768	0.733726	0.703807	0.750353	0.758583	1
X2        	0.790042	0.72707	0.813242	0.815135	0.785284	0.798585	0.735564	0.778557	0.737124	0.791952	0.710663	0.617631	0.722552	0.721287	0.707638	0.581639	0.502527	0.658939	0.528243	0.687479	0.966827	0	0.670956	0.79117	0.661621	0.468568	0.584669	1
X3        	0.683056	0.665803	0.710405	0.70777	0.687071	0.689253	0.64553	0.678528	0.659505	0.680277	0.605342	0.603159	0.605087	0.610158	0.614234	0.580657	0.59333	0.576004	0.596921	0.579688	0.768	0.670956	0	0.655112	0.593025	0.63458	0.567291	1
X4        	0.70578	0.660011	0.707327	0.678478	0.698656	0.724405	0.698183	0.68335	0.706105	0.700453	0.63762	0.647413	0.638596	0.622425	0.62662	0.639567	0.666505	0.621854	0.669902	0.63035	0.733726	0.79117	0.655112	0	0.630621	0.71458	0.62832	1
X5        	0.612349	0.561787	0.628824	0.615463	0.601493	0.620552	0.56844	0.610684	0.59273	0.624113	0.487561	0.51749	0.501311	0.488213	0.496062	0.489363	0.511647	0.475019	0.513601	0.466642	0.703807	0.661621	0.593025	0.630621	0	0.559764	0.493492	1
X6        	0.605582	0.521506	0.591277	0.606918	0.583408	0.582479	0.555898	0.582421	0.530956	0.605679	0.489766	0.411947	0.500641	0.5013	0.49777	0.350179	0.309329	0.439304	0.318862	0.475557	0.750353	0.468568	0.63458	0.71458	0.559764	0	0.420359	1
X7        	0.451156	0.431705	0.495639	0.482533	0.450726	0.444873	0.437464	0.445286	0.421606	0.44512	0.372124	0.366112	0.38909	0.391005	0.371046	0.273601	0.351614	0.318371	0.344319	0.351209	0.758583	0.584669	0.567291	0.62832	0.493492	0.420359	0	1
X8        	1	1	1	1	1	1	1	1	1	1	1	1	1	1	1	1	1	1	1	1	1	1	1	1	1	1	1	0
